Using program software/proofs_of_concept/Cascaded_74xx595
---------------------------------------------------------

Results:

    ...
    00000000 00000000 
    00010000 00000000 
    00010000 00000000 
    00010000 00000000 
    00010000 00000000 
    00010000 00000000 
    00000000 00000000 
    00000000 00000000 
    00000000 00000000 
    00000000 00000000 
    00000000 00000000 
    00010000 00000000 
    00010000 00000000 
    00010000 00000000 
    00010000 00000000 
    00010000 00000000 
    00000000 00000000 
    00000000 00000000 
    ...
